00000000000000010000001000000011    00000100000001010000011000000111    00001000000010010000101000001011    00001100000011010000111000001111

11010110101010100111010011111101    11010010101011110111001011111010    11011010101001100111100011110001    11010110101010110111011011111110

10110110100100101100111100001011    01100100001111011011110111110001    10111110100110111100010100000000    01101000001100001011001111111110

10110110111111110111010001001110    11010010110000101100100110111111    01101100010110010000110010111111    00000100011010011011111101000001

01000111111101111111011110111100    10010101001101010011111000000011    11111001011011000011001010111100    11111101000001011000110111111101

00111100101010101010001111101000    10101001100111111001110111101011    01010000111100111010111101010111    10101101111101100010001010101010

01011110001110010000111101111101    11110111101001101001001010010110    10100111010101010011110111000001    00001010101000110001111101101011

00010100111110010111000000011010    11100011010111111110001010001100    01000100000010101101111101001101    01001110101010011100000000100110

01000111010000111000011100110101    10100100000111000110010110111001    11100000000101101011101011110100    10101110101111110111101011010010

01010100100110010011001011010001    11110000100001010101011101101000    00010000100100111110110110011100    10111110001011001001011101001110

00010011000100010001110101111111    11100011100101000100101000010111    11110011000001111010011110001011    01001101001010110011000011000101
