Original message contains 11 bytes.
 30 31 32 33 34 35 36 37 38 39 0A
Extended message contains 128 bytes.
 30 31 32 33 34 35 36 37 38 39 0A 00 00 00 00 00 00 00 00 00 00 00 00 00 00 00 00 00 00 00 00 00
 00 00 00 00 00 00 00 00 00 00 00 00 00 00 00 00 00 00 00 00 00 00 00 00 00 00 00 00 00 00 00 00
 00 00 00 00 00 00 00 00 00 00 00 00 00 00 00 00 00 00 00 00 00 00 00 00 00 00 00 00 00 00 00 00
 00 00 00 00 00 00 00 00 00 00 00 00 00 00 00 00 00 00 00 00 00 00 00 00 00 00 00 00 00 00 00 00
Padded message contains 128 bytes.
 30 31 32 33 34 35 36 37 38 39 0A 80 00 00 00 00 00 00 00 00 00 00 00 00 00 00 00 00 00 00 00 00
 00 00 00 00 00 00 00 00 00 00 00 00 00 00 00 00 00 00 00 00 00 00 00 00 00 00 00 00 00 00 00 00
 00 00 00 00 00 00 00 00 00 00 00 00 00 00 00 00 00 00 00 00 00 00 00 00 00 00 00 00 00 00 00 00
 00 00 00 00 00 00 00 00 00 00 00 00 00 00 00 00 00 00 00 00 00 00 00 00 00 00 00 00 00 00 00 58
Padded message contains 1 blocks or 16 longs.
 3031323334353637 38390A8000000000 0000000000000000 0000000000000000
 0000000000000000 0000000000000000 0000000000000000 0000000000000000
 0000000000000000 0000000000000000 0000000000000000 0000000000000000
 0000000000000000 0000000000000000 0000000000000000 0000000000000058

Original message contains 137 bytes.
 54 68 69 73 20 6D 65 73 73 61 67 65 20 63 6F 6E 74 61 69 6E 73 20 6D 6F 72 65 20 74 68 61 6E 20
 6F 6E 65 20 74 68 6F 75 73 61 6E 64 20 74 77 65 6E 74 79 20 66 6F 75 72 20 62 79 74 65 73 20 62
 75 74 20 66 65 77 65 72 20 74 68 61 6E 20 74 77 6F 20 74 68 6F 75 73 61 6E 64 20 66 6F 72 74 79
 20 65 69 67 68 74 20 62 79 74 65 73 20 61 6E 64 20 77 69 6C 6C 20 6F 63 63 75 70 79 20 74 77 6F
 20 62 6C 6F 63 6B 73 2E 0A
Extended message contains 256 bytes.
 54 68 69 73 20 6D 65 73 73 61 67 65 20 63 6F 6E 74 61 69 6E 73 20 6D 6F 72 65 20 74 68 61 6E 20
 6F 6E 65 20 74 68 6F 75 73 61 6E 64 20 74 77 65 6E 74 79 20 66 6F 75 72 20 62 79 74 65 73 20 62
 75 74 20 66 65 77 65 72 20 74 68 61 6E 20 74 77 6F 20 74 68 6F 75 73 61 6E 64 20 66 6F 72 74 79
 20 65 69 67 68 74 20 62 79 74 65 73 20 61 6E 64 20 77 69 6C 6C 20 6F 63 63 75 70 79 20 74 77 6F
 20 62 6C 6F 63 6B 73 2E 0A 00 00 00 00 00 00 00 00 00 00 00 00 00 00 00 00 00 00 00 00 00 00 00
 00 00 00 00 00 00 00 00 00 00 00 00 00 00 00 00 00 00 00 00 00 00 00 00 00 00 00 00 00 00 00 00
 00 00 00 00 00 00 00 00 00 00 00 00 00 00 00 00 00 00 00 00 00 00 00 00 00 00 00 00 00 00 00 00
 00 00 00 00 00 00 00 00 00 00 00 00 00 00 00 00 00 00 00 00 00 00 00 00 00 00 00 00 00 00 00 00
Padded message contains 256 bytes.
 54 68 69 73 20 6D 65 73 73 61 67 65 20 63 6F 6E 74 61 69 6E 73 20 6D 6F 72 65 20 74 68 61 6E 20
 6F 6E 65 20 74 68 6F 75 73 61 6E 64 20 74 77 65 6E 74 79 20 66 6F 75 72 20 62 79 74 65 73 20 62
 75 74 20 66 65 77 65 72 20 74 68 61 6E 20 74 77 6F 20 74 68 6F 75 73 61 6E 64 20 66 6F 72 74 79
 20 65 69 67 68 74 20 62 79 74 65 73 20 61 6E 64 20 77 69 6C 6C 20 6F 63 63 75 70 79 20 74 77 6F
 20 62 6C 6F 63 6B 73 2E 0A 80 00 00 00 00 00 00 00 00 00 00 00 00 00 00 00 00 00 00 00 00 00 00
 00 00 00 00 00 00 00 00 00 00 00 00 00 00 00 00 00 00 00 00 00 00 00 00 00 00 00 00 00 00 00 00
 00 00 00 00 00 00 00 00 00 00 00 00 00 00 00 00 00 00 00 00 00 00 00 00 00 00 00 00 00 00 00 00
 00 00 00 00 00 00 00 00 00 00 00 00 00 00 00 00 00 00 00 00 00 00 00 00 00 00 00 00 00 00 04 48
Padded message contains 2 blocks or 32 longs.
 54686973206D6573 7361676520636F6E 7461696E73206D6F 7265207468616E20
 6F6E652074686F75 73616E6420747765 6E747920666F7572 2062797465732062
 7574206665776572 207468616E207477 6F2074686F757361 6E6420666F727479
 2065696768742062 7974657320616E64 2077696C6C206F63 637570792074776F

 20626C6F636B732E 0A80000000000000 0000000000000000 0000000000000000
 0000000000000000 0000000000000000 0000000000000000 0000000000000000
 0000000000000000 0000000000000000 0000000000000000 0000000000000000
 0000000000000000 0000000000000000 0000000000000000 0000000000000448

Original message contains 1000000 bytes.
Extended message contains 1000064 bytes.
Padded message contains 1000064 bytes.
Padded message contains 7813 blocks or 125008 longs.

